Webots Project File version R2022b
perspectives: 000000ff00000000fd00000002000000010000039c000002f3fc0200000001fb0000001400540065007800740045006400690074006f00720100000016000002f30000008700ffffff0000000300000780000000f9fc0100000001fb0000001a0043006f006e0073006f006c00650041006c006c0041006c006c0100000000000007800000006900ffffff000003e2000002f300000001000000020000000100000008fc00000000
simulationViewPerspectives: 000000ff00000001000000020000012b000002910100000002010000000100
sceneTreePerspectives: 000000ff00000001000000030000001e000000c0000000fa0100000002010000000200
minimizedPerspectives: 000000ff00000000fd00000002000000010000035c0000036bfc0200000001fb0000001400540065007800740045006400690074006f007201000000160000036b0000008700ffffff0000000300000780000000d9fc0100000001fb0000001a0043006f006e0073006f006c00650041006c006c0041006c006c0100000000000007800000006900ffffff000004220000036b00000001000000020000000100000008fc00000000
maximizedDockId: -1
centralWidgetVisible: 1
renderingMode: PLAIN
orthographicViewHeight: 1
textFiles: 1 "controllers/epuck_python - CW/epuck_python - CW.py" "controllers/supervisorGA - CW/supervisorGA - CW.py" "controllers/supervisorGA - CW/ga.py" "controllers/epuck_python - CW/mlp.py"
consoles: Console:All:All
renderingDevicePerspectives: Supervisor:display;1;1.1;0;0.0338462
renderingDevicePerspectives: e-puck:camera;0;2.78846;0;0.0188172
